0111111110000
0111111010000
0111110110001
0111110010010
0111101110011
0111101010101
0111100110111
0111100011010
0111011111100
0111011100000
0111011000011
0111010100111
0111010001011
0111001101111
0111001010100
0111000111001
0111000011110
0111000000100
0110111101010
0110111010000
0110110110111
0110110011101
0110110000100
0110101101100
0110101010011
0110100111011
0110100100011
0110100001011
0110011110100
0110011011101
0110011000110
0110010101111
0110010011001
0110010000010
0110001101100
0110001010111
0110001000001
0110000101100
0110000010111
0110000000010
0101111101101
0101111011000
0101111000100
0101110110000
0101110011100
0101110001001
0101101110101
0101101100010
0101101001111
0101100111100
0101100101001
0101100010110
0101100000100
0101011110010
0101011100000
0101011001110
0101010111100
0101010101011
0101010011001
0101010001000
0101001110111
0101001100110
0101001010110
0101001000101
0101000110101
0101000100101
0101000010100
0101000000101
0100111110101
0100111100101
0100111010110
0100111000110
0100110110111
0100110101000
0100110011001
0100110001010
0100101111100
0100101101101
0100101011111
0100101010000
0100101000010
0100100110100
0100100100110
0100100011000
0100100001011
0100011111101
0100011110000
0100011100011
0100011010101
0100011001000
0100010111011
0100010101110
0100010100010
0100010010101
0100010001001
0100001111100
0100001110000
0100001100100
0100001011000
0100001001100
0100001000000
0100000110100
0100000101000
0100000011101
0100000010001
0100000000110
0011111111010
0011111101111
0011111100100
0011111011001
0011111001110
0011111000011
0011110111000
0011110101110
0011110100011
0011110011001
0011110001110
0011110000100
0011101111001
0011101101111
0011101100101
0011101011011
0011101010001
0011101000111
0011100111110
0011100110100
0011100101010
0011100100001
0011100010111
0011100001110
0011100000100
0011011111011
0011011110010
0011011101001
0011011100000
0011011010111
0011011001110
0011011000101
0011010111100
0011010110100
0011010101011
0011010100010
0011010011010
0011010010001
0011010001001
0011010000001
0011001111000
0011001110000
0011001101000
0011001100000
0011001011000
0011001010000
0011001001000
0011001000000
0011000111000
0011000110001
0011000101001
0011000100001
0011000011010
0011000010010
0011000001011
0011000000100
0010111111100
0010111110101
0010111101110
0010111100110
0010111011111
0010111011000
0010111010001
0010111001010
0010111000011
0010110111100
0010110110101
0010110101111
0010110101000
0010110100001
0010110011011
0010110010100
0010110001101
0010110000111
0010110000000
0010101111010
0010101110100
0010101101101
0010101100111
0010101100001
0010101011010
0010101010100
0010101001110
0010101001000
0010101000010
0010100111100
0010100110110
0010100110000
0010100101010
0010100100100
0010100011111
0010100011001
0010100010011
0010100001101
0010100001000
0010100000010
0010011111100
0010011110111
0010011110001
0010011101100
0010011100110
0010011100001
0010011011100
0010011010110
0010011010001
0010011001100
0010011000110
0010011000001
0010010111100
0010010110111
0010010110010
0010010101101
0010010101000
0010010100011
0010010011110
0010010011001
0010010010100
0010010001111
0010010001010
0010010000101
0010010000001
0010001111100
0010001110111
0010001110010
0010001101110
0010001101001
0010001100100
0010001100000
0010001011011
0010001010111
0010001010010
0010001001110
0010001001001
0010001000101
0010001000000
0010000111100
0010000111000
0010000110011
0010000101111
0010000101011
0010000100111
0010000100010
0010000011110
0010000011010
0010000010110
0010000010010
0010000001110
0010000001010
0010000000110
0010000000010
100000000011111111010010
100000001011111011010100
100000010011110011011010
100000011011100111101000
100000100011011000000000
100000101011000100100100
100000110010101101011001
100000111010010010100000
100001000001110011111101
100001001001010001110001
100001010000101100000000
100001011000000010101100
100001011111010101110111
100001100110100101100101
100001101101110001110111
100001110100111010110000
100001111100000000010011
100010000011000010100001
100010001010000001011101
100010010000111101001010
100010010111110101101001
100010011110101010111101
100010100101011101001000
100010101100001100001101
100010110010111000001100
100010111001100001001001
100011000000000111000110
100011000110101010000011
100011001101001010000101
100011010011100111001100
100011011010000001011010
100011100000011000110010
100011100110101101010101
100011101100111111000101
100011110011001110000100
100011111001011010010100
100011111111100011110110
100100000101101010101101
100100001011101110111010
100100010001110000011111
100100010111101111011101
100100011101101011110111
100100100011100101101101
100100101001011101000010
100100101111010001110111
100100110101000100001110
100100111010110100001000
100101000000100001100111
100101000110001100101100
100101001011110101011001
100101010001011011110000
100101010110111111110001
100101011100100001011111
100101100010000000111010
100101100111011110000101
100101101100111001000000
100101110010010001101100
100101110111101000001101
100101111100111100100001
100110000010001110101100
100110000111011110101110
100110001100101100101000
100110010001111000011101
100110010111000010001100
100110011100001001111000
100110100001001111100001
100110100110010011001001
100110101011010100110001
100110110000010100011010
100110110101010010000101
100110111010001101110100
100110111111000111100111
100111000011111111100000
100111001000110101100000
100111001101101001101000
100111010010011011111001
100111010111001100010100
100111011011111010111010
100111100000100111101101
100111100101010010101100
100111101001111011111010
100111101110100011010111
100111110011001001000101
100111110111101101000011
100111111100001111010100
101000000000101111111000
101000000101001110110001
101000001001101011111110
101000001110000111100010
101000010010100001011100
101000010110111001101110
101000011011010000011001
101000011111100101011110
101000100011111000111101
101000101000001010110111
101000101100011011001110
101000110000101010000010
101000110100110111010100
101000111001000011000101
101000111101001101010101
101001000001010110000110
101001000101011101010111
101001001001100011001011
101001001101100111100010
101001010001101010011100
101001010101101011111010
101001011001101011111110
101001011101101010100111
101001100001100111110111
101001100101100011101111
101001101001011110001110
101001101101010111010110
101001110001001111001000
101001110101000101100011
101001111000111010101010
101001111100101110011100
101010000000100000111010
101010000100010010000110
101010001000000001111110
101010001011110000100110
101010001111011101111011
101010010011001010000001
101010010110110100110111
101010011010011110011101
101010011110000110110101
101010100001101101111111
101010100101010011111011
101010101000111000101011
101010101100011100001111
101010101111111110100111
101010110011011111110100
101010110110111111110110
101010111010011110101111
101010111101111100011111
101011000001011001000110
101011000100110100100101
101011001000001110111100
101011001011101000001100
101011001111000000010110
101011010010010111011010
101011010101101101011000
101011011001000010010001
101011011100010110000110
101011011111101000111000
101011100010111010100101
101011100110001011010000
101011101001011010111001
101011101100101001100000
101011101111110111000101
101011110011000011101010
101011110110001111001110
101011111001011001110010
101011111100100011010110
101011111111101011111100
101100000010110011100011
101100000101111010001100
101100001000111111110111
101100001100000100100110
101100001111001000010111
101100010010001011001100
101100010101001101000101
101100011000001110000011
101100011011001110000110
101100011110001101001110
101100100001001011011100
101100100100001000110000
101100100111000101001011
101100101010000000101101
101100101100111011010110
101100101111110101001000
101100110010101110000001
101100110101100110000011
101100111000011101001110
101100111011010011100011
101100111110001001000001
101101000000111101101010
101101000011110001011101
101101000110100100011011
101101001001010110100100
101101001100000111111001
101101001110111000011010
101101010001101000000111
101101010100010111000001
101101010111000101001000
101101011001110010011100
101101011100011110111110
101101011111001010101111
101101100001110101101101
101101100100011111111011
101101100111001001010111
101101101001110010000011
101101101100011001111111
101101101111000001001011
101101110001100111100111
101101110100001101010100
101101110110110010010010
101101111001010110100001
101101111011111010000010
101101111110011100110101
101110000000111110111010
101110000011100000010001
101110000110000000111100
101110001000100000111001
101110001011000000001011
101110001101011110101111
101110001111111100101000
101110010010011001110101
101110010100110110010111
101110010111010010001110
101110011001101101011001
101110011100000111111011
101110011110100001110001
101110100000111010111110
101110100011010011100001
101110100101101011011011
101110101000000010101011
101110101010011001010010
101110101100101111010001
101110101111000100100111
101110110001011001010101
101110110011101101011011
101110110110000000111001
101110111000010011110000
101110111010100110000000
101110111100110111101001
101110111111001000101011
101111000001011001000110
101111000011101000111011
101111000101111000001011
101111001000000110110100
101111001010010100111000
101111001100100010010111
101111001110101111010001
101111010000111011100101
101111010011000111010101
101111010101010010100001
101111010111011101001001
101111011001100111001100
101111011011110000101100
101111011101111001101001
101111100000000010000010
101111100010001001111000
101111100100010001001011
101111100110010111111011
101111101000011110001001
101111101010100011110101
101111101100101000111110
101111101110101101100110
101111110000110001101100
101111110010110101010001
101111110100111000010101
101111110110111010110111
101111111000111100111000
101111111010111110011001
101111111100111111011010
101111111110111111111010
1011111111000000001000101001001
1011111101000000101000011110001
1011111011000001100111111011100
1011111001000011000110110001011
1011110111000101000100110000100
1011110101000111100001101001100
1011110011001010011101001101011
1011110001001101110111001101000
1011101111010001101111011001110
1011101101010110000101100101001
1011101011011010111001100000100
1011101001100000001010111101110
1011100111100101111001101110110
1011100101101100000101100101100
1011100011110010101110010100001
1011100001111001110011101101010
1011100000000001010101100011010
1011011110001001010011101000110
1011011100010001101101110000101
1011011010011010100011101101110
1011011000100011110101010011001
1011010110101101100010010100010
1011010100110111101010100100011
1011010011000010001101110110111
1011010001001101001011111111101
1011001111011000100100110010001
1011001101100100011000000010100
1011001011110000100101100100110
1011001001111101001101001100111
1011001000001010001110101111011
1011000110010111101010000000011
1011000100100101011110110100110
1011000010110011101101000000110
1011000001000010010100011001100
1010111111010001010100110011110
1010111101100000101110000100011
1010111011110000100000000000101
1010111010000000101010011101101
1010111000010001001101010000110
1010110110100010001000001111011
1010110100110011011011001111010
1010110011000101000110000101110
1010110001010111001000101000110
1010101111101001100010101110001
1010101101111100010100001011111
1010101100001111011100111000000
1010101010100010111100101000101
1010101000110110110011010100000
1010100111001011000000110000100
1010100101011111100100110100101
1010100011110100011111010110111
1010100010001001110000001101110
1010100000011111010111010000010
1010011110110101010100010100111
1010011101001011100111010010111
1010011011100010010000000000111
1010011001111001001110010110010
1010011000010000100010001010000
1010010110101000001011010011011
1010010101000000001001101001110
1010010011011000011101000100100
1010010001110001000101011011001
1010010000001010000010100101010
1010001110100011010100011010011
1010001100111100111010110010100
1010001011010110110101100101010
1010001001110001000100101010100
1010001000001011100111111010001
1010000110100110011111001100100
1010000101000001101010011001011
1010000011011101001001011001001
1010000001111000111100000011111
1010000000010101000010010010001
1001111110110001011011111100000
1001111101001110001000111010010
1001111011101011001001000101010
1001111010001000011100010101101
1001111000100110000010100100000
1001110111000011111011101001001
1001110101100010000111011101111
1001110100000000100101111011000
1001110010011111010110111001100
1001110000111110011010010010011
1001101111011101101111111110101
1001101101111101010111110111010
1001101100011101010001110101101
1001101010111101011101110010111
1001101001011101111011101000010
1001100111111110101011001111010
1001100110011111101100100001001
1001100101000000111111010111011
1001100011100010100011101011101
1001100010000100011001010111010
1001100000100110100000010100000
1001011111001000111000011011101
1001011101101011100001100111111
1001011100001110011011110010010
1001011010110001100110110101000
1001011001010101000010101001110
1001010111111000101111001010100
1001010110011100101100010001010
1001010101000000111001111000001
1001010011100101010111111001001
1001010010001010000110001110101
1001010000101111000100110010100
1001001111010100010011011111001
1001001101111001110010001110111
1001001100011111100000111100000
1001001011000101011111100000111
1001001001101011101101111000001
1001001000010010001011111100000
1001000110111000111001100111001
1001000101011111110110110100000
1001000100000111000011011101010
1001000010101110011111011101101
1001000001010110001010101111111
1000111111111110000101001110100
1000111110100110001110110100100
1000111101001110100111011100101
1000111011110111001111000001110
1000111010100000000101011110110
1000111001001001001010101110101
1000110111110010011110101100010
1000110110011100000001010010111
1000110101000101110010011101100
1000110011101111110010000111000
1000110010011010000000001010110
1000110001000100011100100100000
1000101111101111000111001101110
1000101110011010000000000011011
1000101101000101000111000000001
1000101011110000011011111111100
1000101010011011111110111100101
1000101001000111101111110011001
1000100111110011101110011110010
1000100110011111111010111001100
1000100101001100010101000000100
1000100011111000111100101110110
1000100010100101110001111111110
1000100001010010110100101111010
1000100000000000000100111000110
1000011110101101100010011000001
1000011101011011001101001000111
1000011100001001000101000110110
1000011010110111001010001101101
1000011001100101011100011001010
1000011000010011111011100101101
1000010111000010100111101110011
1000010101110001100000101111100
1000010100100000100110100100111
1000010011001111111001001010101
1000010001111111011000011100101
1000010000101111000100010110111
1000001111011110111100110101011
1000001110001111000001110100011
1000001100111111010011001111110
1000001011101111110001000011111
1000001010100000011011001100111
1000001001010001010001100110110
1000001000000010010100001101110
1000000110110011100010111110011
1000000101100100111101110100100
1000000100010110100100101100110
1000000011001000010111100011011
1000000001111010010110010100110
1000000000101100100000111101001
0111111111011110110111011001000
0111111110010001011001100100101
0111111101000100000111011100110
0111111011110111000000111101110
0111111010101010000110000100000
0111111001011101010110101100001
0111111000010000110010110010101
0111110111000100011010010100001
0111110101111000001101001101010
0111110100101100001011011010101
0111110011100000010100111000110
0111110010010100101001100100100
0111110001001001001001011010100
0111101111111101110100010111010
0111101110110010101010010111111
0111101101100111101011011000111
0111101100011100110111010111001
0111101011010010001110001111011
0111101010000111101111111110100
0111101000111101011100100001011
0111100111110011010011110100110
0111100110101001010101110101101
0111100101011111100010100000111
0111100100010101111001110011011
0111100011001100011011101010010
0111100010000011001000000010010
0111100000111001111110111000101
0111011111110001000000001010001
0111011110101000001011110100000
0111011101011111100001110011001
0111011100010111000010000100110
0111011011001110101100100101110
0111011010000110100001010011100
0111011000111110100000001010111
0111010111110110101001001001010
0111010110101110111100001011101
0111010101100111011001001111011
0111010100100000000000010001100
0111010011011000110001001111010
0111010010010001101100000110001
0111010001001010110000110011000
0111010000000011111111010011011
0111001110111101010111100100100
0111001101110110111001100011110
0111001100110000100101001110011
0111001011101010011010100001110
0111001010100100011001011011010
0111001001011110100001111000010
0111001000011000110011110110001
0111000111010011001111010010011
0111000110001101110100001010010
0111000101001000100010011011011
0111000100000011011010000011001
0111000010111110011010111111000
0111000001111001100101001100100
0111000000110100111000101001001
0110111111110000010101010010100
0110111110101011111011000110000
0110111101100111101010000001010
0110111100100011100010000001111
0110111011011111100011000101011
0110111010011011101101001001100
0110111001011000000000001011110
0110111000010100011100001001101
0110110111010001000001000001000
0110110110001101101110101111101
0110110101001010100101010010110
0110110100000111100100101000100
0110110011000100101100101110010
0110110010000001111101100010000
0110110000111111010111000001011
0110101111111100111001001010000
0110101110111010100011111001110
0110101101111000010111001110100
0110101100110110010011000101110
0110101011110100010111011101101
0110101010110010100100010011101
0110101001110000111001100101111
0110101000101111010111010010000
0110100111101101111101010101111
0110100110101100101011101111101
0110100101101011100010011100110
0110100100101010100001011011010
0110100011101001101000101001010
0110100010101000111000000100011
0110100001101000001111101010110
0110100000100111101111011010010
0110011111100111010111010000110
0110011110100111000111001100011
0110011101100110111111001011000