011111111000
011111101000
011111011001
011111001010
011110111011
011110101101
011110011111
011110010001
011110000100
011101110111
011101101010
011101011101
011101010001
011101000101
011100111001
011100101101
011100100010
011100010110
011100001011
011100000000
011011110110
011011101011
011011100001
011011010111
011011001101
011011000011
011010111010
011010110000
011010100111
011010011110
011010010101
011010001100
011010000011
011001111011
011001110010
011001101010
011001100010
011001011010
011001010010
011001001010
011001000010
011000111011
011000110011
011000101100
011000100100
011000011101
011000010110
011000001111
011000001000
011000000001
010111111011
010111110100
010111101101
010111100111
010111100001
010111011010
010111010100
010111001110
010111001000
010111000010
010110111100
010110110110
010110110000
010110101010
010110100010
010110010111
010110001100
010110000010
010101110111
010101101101
010101100011
010101011010
010101010000
010101000111
010100111110
010100110101
010100101100
010100100100
010100011011
010100010011
010100001011
010100000011
010011111011
010011110011
010011101100
010011100100
010011011101
010011010110
010011001111
010011001000
010011000001
010010111011
010010110100
010010101110
010010100111
010010100001
010010011011
010010010101
010010001111
010010001001
010010000011
010001111101
010001111000
010001110010
010001101101
010001100111
010001100010
010001011101
010001011000
010001010011
010001001110
010001001001
010001000100
010000111111
010000111010
010000110101
010000110001
010000101100
010000101000
010000100011
010000011111
010000011011
010000010110
010000010010
010000001110
010000001010
010000000110
010000000010
10000000011111110000
10000001011111010000
10000010011110010010
10000011011100110110
10000100011010111100
10000101011000100101
10000110010101110001
10000111010010100011
10001000001110111000
10001001001010110100
10001010000110010101
10001011000001011101
10001011111100001100
10001100110110100011
10001101110000100001
10001110101010001000
10001111100011011000
10010000011100010001
10010001010100110100
10010010001101000000
10010011000100111000
10010011111100011010
10010100110011101000
10010101101010100001
10010110100001000110
10010111010111011000
10011000001101010110
10011001000011000001
10011001111000011010
10011010101101100000
10011011100010010100
10011100010110110110
10011101001011000110
10011101111111000101
10011110110010110011
10011111100110010001
10100000011001011110
10100001001100011010
10100001111111000111
10100010110001100100
10100011100011110001
10100100010101101111
10100101000111011110
10100101111000111110
10100110101010001111
10100111011011010010
10101000001100000110
10101000111100101100
10101001101101000101
10101010011101001111
10101011001101001100
10101011111100111100
10101100101100011111
10101101011011110100
10101110001010111101
10101110111001111000
10101111101000101000
10110000010111001011
10110001000101100010
10110001110011101100
10110010100001101011
10110011001111011110
10110011111101000101
10110100101010100001
10110101101110001001
10110111000111111101
10111000100001000101
10111001111001100011
10111011010001010111
10111100101000100011
10111101111111000110
10111111010101000010
11000000101010010111
11000001111111000111
11000011010011010011
11000100100110111010
11000101111001111110
11000111001100011111
11001000011110011111
11001001101111111101
11001011000000111010
11001100010001010111
11001101100001010101
11001110110000110100
11001111111111110100
11010001001110010111
11010010011100011100
11010011101010000101
11010100110111010001
11010110000100000001
11010111010000010110
11011000011100010000
11011001100111110000
11011010110010110101
11011011111101100001
11011101000111110100
11011110010001101110
11011111011011001111
11100000100100011000
11100001101101001010
11100010110101100100
11100011111101100111
11100101000101010100
11100110001100101010
11100111010011101010
11101000011010010101
11101001100000101010
11101010100110101010
11101011101100010101
11101100110001101100
11101101110110101111
11101110111011011101
11101111111111111000
11110001000100000000
11110010000111110100
11110011001011010101
11110100001110100100
11110101010001100001
11110110010100001011
11110111010110100011
11111000011000101001
11111001011010011110
11111010011100000010
11111011011101010100
11111100011110010110
11111101011111000111
11111110011111100111
11111111011111110111