1100100100001110100
1100100100000110110
1100100011110111010
1100100011100000000
1100100011000001000
1100100010011010010
1100100001101011110
1100100000110101101
1100011111110111110
1100011110110010001
1100011101100100110
1100011100001111110
1100011010110011001
1100011001001110110
1100010111100010110
1100010101101111001
1100010011110011111
1100010001110001001
1100001111100110101
1100001101010100110
1100001010111011010
1100001000011010010
1100000101110001110
1100000011000001111
1100000000001010100
1011111101001011110
1011111010000101101
1011110110111000001
1011110011100011011
1011110000000111010
1011101100100100000
1011101000111001011
1011100101000111101
1011100001001110110
1011011101001110111
1011011001000111110
1011010100111001110
1011010000100100110
1011001100001000110
1011000111100101110
1011000010111100000
1010111110001011100
1010111001010100001
1010110100010110001
1010101111010001011
1010101010000110000
1010100100110100000
1010011111011011101
1010011001111100101
1010010100010111011
1010001110101011101
1010001000111001101
1010000011000001011
1001111101000010111
1001110110111110010
1001110000110011101
1001101010100010111
1001100100001100010
1001011101101111101
1001010111001101010
1001010000100101000
1001001001110111001
1001000011000011101
1000111100001010100
1000110101001011110
1000101110000111110
1000100110111110010
1000011111101111100
1000011000011011100
1000010001000010010
1000001001100100000
1000000010000000101
0111111010011000011
0111110010101011010
0111101010111001010
0111100011000010101
0111011011000111010
0111010011000111011
0111001011000010111
0111000010111010000
0110111010101100111
0110110010011011011
0110101010000101110
0110100001101100000
0110011001001110010
0110010000101100100
0110001000000110111
0101111111011101100
0101110110110000100
0101101101111111110
0101100101001011101
0101011100010100000
0101010011011001000
0101001010011010101
0101000001011001010
0100111000010100101
0100101111001101001
0100100110000010101
0100011100110101010
0100010011100101010
0100001010010010100
0100000000111101010
0011110111100101011
0011101110001011010
0011100100101110111
0011011011010000001
0011010001101111011
0011001000001100101
0010111110100111111
0010110101000001011
0010101011011001000
0010100001101111001
0010011000000011101
0010001110010110101
0010000100101000010
0001111010111000101
0001110001000111111
0001100111010101111
0001011101100011000
0001010011101111010
0001001001111010101
0001000000000101011
0000110110001111011
0000101100011000111
0000100010100010000
0000011000101010111
0000001110110011011
0000000100111011110
000000000000000000
000000000000000000
000000000000000010
000000000000000110
000000000000001110
000000000000011010
000000000000101100
000000000001000011
000000000001100010
000000000010001001
000000000010111010
000000000011110100
000000000100111010
000000000110001011
000000000111101010
000000001001010110
000000001011010001
000000001101011100
000000001111111000
000000010010100101
000000010101100101
000000011000111000
000000011100100000
000000100000011101
000000100100110000
000000101001011010
000000101110011100
000000110011110111
000000111001101011
000000111111111010
000001000110100100
000001001101101011
000001010101001110
000001011101001111
000001100101101111
000001101110101111
000001111000001110
000010000010001111
000010001100110010
000010010111110111
000010100011011111
000010101111101100
000010111100011101
000011001001110100
000011010111110001
000011100110010101
000011110101100000
000100000101010100
000100010101110001
000100100110110111
000100111000101000
000101001011000011
000101011110001010
000101110001111101
000110000110011100
000110011011101001
000110110001100100
000111001000001100
000111011111100100
000111110111101011
001000010000100010
001000101010001001
001001000100100000
001001011111101001
001001111011100100
001010011000010000
001010110101110000
001011010100000001
001011110011000110
001100010010111111
001100110011101100
001101010101001100
001101110111100010
001110011010101100
001110111110101011
001111100011011111
010000001001001001
010000101111101000
010001010110111110
010001111111001010
010010101000001100
010011010010000100
010011111100110011
010100101000011001
010101010100110101
010110000010001000
010110110000010010
010111011111010011
011000001111001011
011000111111111010
011001110001011111
011010100011111100
011011010111001111
011100001011011001
011101000000011010
011101110110010001
011110101100111110
011111100100100010
100000011100111011
100001010110001011
100010010000010000
100011001011001010
100100000110111010
100101000011011110
100110000000110111
100110111111000100
100111111110000101
101000111101111010
101001111110100010
101010111111111100
101100000010001001
101101000101001000
101110001000111001
101111001101011011
110000010010101101
110001011000101111
110010011111100001
110011100111000010
110100101111010001
110101111000001110
110111000001111001
111000001100010000
111001010111010011
111010100011000010
111011101111011011
111100111100011111
111110001010001100
111111011000100001

